BPV1 = 0.0606396
BPH2 = 0.0814219
QPQ1 = -1.10462
QPQ2 = 6.30114
BPD1 = 9.8852
BPD2 = 9.79003
QPQ3 = 1.49861
BPV2 = -0.214861
QPQ4 = 0.585813
BPH3 = -0.13
QPQ5 = 4.23
